OrderedDict([('global_cmvn.mean', tensor([ 8.3119,  8.6009,  9.6159, 10.4360, 11.2129, 11.8833, 12.3624, 12.6371,
        12.8818, 12.8307, 12.8910, 12.9567, 13.1976, 13.4060, 13.4911, 13.5546,
        13.5564, 13.5191, 13.6828, 13.5329, 13.4211, 13.6552, 13.5071, 13.7525,
        13.7671, 13.8741, 13.7311, 13.7041, 13.5607, 13.5349, 13.5490, 13.5623,
        13.5941, 13.6205, 13.6420, 13.6611, 13.6267, 13.5830, 13.5739, 13.4739,
        13.5306, 13.4835, 13.6105, 13.6472, 13.7155, 13.7918, 13.9061, 14.0310,
        14.1820, 14.3588, 14.4842, 14.6017, 14.7059, 14.8336, 14.9212, 15.0062,
        15.0512, 15.0312, 14.9903, 14.9230, 14.8693, 14.8269, 14.7972, 14.7691,
        14.7136, 14.6128, 14.5170, 14.4225, 14.3640, 14.3045, 14.2316, 14.1985,
        14.1663, 14.1565, 14.1050, 13.9952, 13.7956, 13.3996, 12.7767, 11.7121,
         8.3119,  8.6009,  9.6159, 10.4360, 11.2129, 11.8833, 12.3624, 12.6371,
        12.8818, 12.8307, 12.8910, 12.9567, 13.1976, 13.4060, 13.4911, 13.5546,
        13.5564, 13.5191, 13.6828, 13.5329, 13.4211, 13.6552, 13.5071, 13.7525,
        13.7671, 13.8741, 13.7311, 13.7041, 13.5607, 13.5349, 13.5490, 13.5623,
        13.5941, 13.6205, 13.6420, 13.6611, 13.6267, 13.5830, 13.5739, 13.4739,
        13.5306, 13.4835, 13.6105, 13.6472, 13.7155, 13.7918, 13.9061, 14.0310,
        14.1820, 14.3588, 14.4842, 14.6017, 14.7059, 14.8336, 14.9212, 15.0062,
        15.0512, 15.0312, 14.9903, 14.9230, 14.8693, 14.8269, 14.7972, 14.7691,
        14.7136, 14.6128, 14.5170, 14.4225, 14.3640, 14.3045, 14.2316, 14.1985,
        14.1663, 14.1565, 14.1050, 13.9952, 13.7956, 13.3996, 12.7767, 11.7121,
         8.3119,  8.6009,  9.6159, 10.4360, 11.2129, 11.8833, 12.3624, 12.6371,
        12.8818, 12.8307, 12.8910, 12.9567, 13.1976, 13.4060, 13.4911, 13.5546,
        13.5564, 13.5191, 13.6828, 13.5329, 13.4211, 13.6552, 13.5071, 13.7525,
        13.7671, 13.8741, 13.7311, 13.7041, 13.5607, 13.5349, 13.5490, 13.5623,
        13.5941, 13.6205, 13.6420, 13.6611, 13.6267, 13.5830, 13.5739, 13.4739,
        13.5306, 13.4835, 13.6105, 13.6472, 13.7155, 13.7918, 13.9061, 14.0310,
        14.1820, 14.3588, 14.4842, 14.6017, 14.7059, 14.8336, 14.9212, 15.0062,
        15.0512, 15.0312, 14.9903, 14.9230, 14.8693, 14.8269, 14.7972, 14.7691,
        14.7136, 14.6128, 14.5170, 14.4225, 14.3640, 14.3045, 14.2316, 14.1985,
        14.1663, 14.1565, 14.1050, 13.9952, 13.7956, 13.3996, 12.7767, 11.7121,
         8.3119,  8.6009,  9.6159, 10.4360, 11.2129, 11.8833, 12.3624, 12.6371,
        12.8818, 12.8307, 12.8910, 12.9567, 13.1976, 13.4060, 13.4911, 13.5546,
        13.5564, 13.5191, 13.6828, 13.5329, 13.4211, 13.6552, 13.5071, 13.7525,
        13.7671, 13.8741, 13.7311, 13.7041, 13.5607, 13.5349, 13.5490, 13.5623,
        13.5941, 13.6205, 13.6420, 13.6611, 13.6267, 13.5830, 13.5739, 13.4739,
        13.5306, 13.4835, 13.6105, 13.6472, 13.7155, 13.7918, 13.9061, 14.0310,
        14.1820, 14.3588, 14.4842, 14.6017, 14.7059, 14.8336, 14.9212, 15.0062,
        15.0512, 15.0312, 14.9903, 14.9230, 14.8693, 14.8269, 14.7972, 14.7691,
        14.7136, 14.6128, 14.5170, 14.4225, 14.3640, 14.3045, 14.2316, 14.1985,
        14.1663, 14.1565, 14.1050, 13.9952, 13.7956, 13.3996, 12.7767, 11.7121,
         8.3119,  8.6009,  9.6159, 10.4360, 11.2129, 11.8833, 12.3624, 12.6371,
        12.8818, 12.8307, 12.8910, 12.9567, 13.1976, 13.4060, 13.4911, 13.5546,
        13.5564, 13.5191, 13.6828, 13.5329, 13.4211, 13.6552, 13.5071, 13.7525,
        13.7671, 13.8741, 13.7311, 13.7041, 13.5607, 13.5349, 13.5490, 13.5623,
        13.5941, 13.6205, 13.6420, 13.6611, 13.6267, 13.5830, 13.5739, 13.4739,
        13.5306, 13.4835, 13.6105, 13.6472, 13.7155, 13.7918, 13.9061, 14.0310,
        14.1820, 14.3588, 14.4842, 14.6017, 14.7059, 14.8336, 14.9212, 15.0062,
        15.0512, 15.0312, 14.9903, 14.9230, 14.8693, 14.8269, 14.7972, 14.7691,
        14.7136, 14.6128, 14.5170, 14.4225, 14.3640, 14.3045, 14.2316, 14.1985,
        14.1663, 14.1565, 14.1050, 13.9952, 13.7956, 13.3996, 12.7767, 11.7121])), ('global_cmvn.istd', tensor([0.1558, 0.1545, 0.1527, 0.1519, 0.1506, 0.1489, 0.1471, 0.1447, 0.1436,
        0.1444, 0.1452, 0.1455, 0.1453, 0.1446, 0.1439, 0.1436, 0.1436, 0.1439,
        0.1442, 0.1449, 0.1455, 0.1457, 0.1463, 0.1467, 0.1473, 0.1477, 0.1481,
        0.1484, 0.1489, 0.1494, 0.1497, 0.1500, 0.1503, 0.1505, 0.1507, 0.1507,
        0.1506, 0.1505, 0.1506, 0.1508, 0.1510, 0.1512, 0.1515, 0.1516, 0.1516,
        0.1516, 0.1515, 0.1514, 0.1513, 0.1511, 0.1511, 0.1510, 0.1511, 0.1511,
        0.1512, 0.1510, 0.1508, 0.1506, 0.1503, 0.1502, 0.1502, 0.1501, 0.1500,
        0.1500, 0.1501, 0.1503, 0.1505, 0.1505, 0.1506, 0.1505, 0.1504, 0.1502,
        0.1500, 0.1497, 0.1495, 0.1493, 0.1494, 0.1496, 0.1500, 0.1510, 0.1558,
        0.1545, 0.1527, 0.1519, 0.1506, 0.1489, 0.1471, 0.1447, 0.1436, 0.1444,
        0.1452, 0.1455, 0.1453, 0.1446, 0.1439, 0.1436, 0.1436, 0.1439, 0.1442,
        0.1449, 0.1455, 0.1457, 0.1463, 0.1467, 0.1473, 0.1477, 0.1481, 0.1484,
        0.1489, 0.1494, 0.1497, 0.1500, 0.1503, 0.1505, 0.1507, 0.1507, 0.1506,
        0.1505, 0.1506, 0.1508, 0.1510, 0.1512, 0.1515, 0.1516, 0.1516, 0.1516,
        0.1515, 0.1514, 0.1513, 0.1511, 0.1511, 0.1510, 0.1511, 0.1511, 0.1512,
        0.1510, 0.1508, 0.1506, 0.1503, 0.1502, 0.1502, 0.1501, 0.1500, 0.1500,
        0.1501, 0.1503, 0.1505, 0.1505, 0.1506, 0.1505, 0.1504, 0.1502, 0.1500,
        0.1497, 0.1495, 0.1493, 0.1494, 0.1496, 0.1500, 0.1510, 0.1558, 0.1545,
        0.1527, 0.1519, 0.1506, 0.1489, 0.1471, 0.1447, 0.1436, 0.1444, 0.1452,
        0.1455, 0.1453, 0.1446, 0.1439, 0.1436, 0.1436, 0.1439, 0.1442, 0.1449,
        0.1455, 0.1457, 0.1463, 0.1467, 0.1473, 0.1477, 0.1481, 0.1484, 0.1489,
        0.1494, 0.1497, 0.1500, 0.1503, 0.1505, 0.1507, 0.1507, 0.1506, 0.1505,
        0.1506, 0.1508, 0.1510, 0.1512, 0.1515, 0.1516, 0.1516, 0.1516, 0.1515,
        0.1514, 0.1513, 0.1511, 0.1511, 0.1510, 0.1511, 0.1511, 0.1512, 0.1510,
        0.1508, 0.1506, 0.1503, 0.1502, 0.1502, 0.1501, 0.1500, 0.1500, 0.1501,
        0.1503, 0.1505, 0.1505, 0.1506, 0.1505, 0.1504, 0.1502, 0.1500, 0.1497,
        0.1495, 0.1493, 0.1494, 0.1496, 0.1500, 0.1510, 0.1558, 0.1545, 0.1527,
        0.1519, 0.1506, 0.1489, 0.1471, 0.1447, 0.1436, 0.1444, 0.1452, 0.1455,
        0.1453, 0.1446, 0.1439, 0.1436, 0.1436, 0.1439, 0.1442, 0.1449, 0.1455,
        0.1457, 0.1463, 0.1467, 0.1473, 0.1477, 0.1481, 0.1484, 0.1489, 0.1494,
        0.1497, 0.1500, 0.1503, 0.1505, 0.1507, 0.1507, 0.1506, 0.1505, 0.1506,
        0.1508, 0.1510, 0.1512, 0.1515, 0.1516, 0.1516, 0.1516, 0.1515, 0.1514,
        0.1513, 0.1511, 0.1511, 0.1510, 0.1511, 0.1511, 0.1512, 0.1510, 0.1508,
        0.1506, 0.1503, 0.1502, 0.1502, 0.1501, 0.1500, 0.1500, 0.1501, 0.1503,
        0.1505, 0.1505, 0.1506, 0.1505, 0.1504, 0.1502, 0.1500, 0.1497, 0.1495,
        0.1493, 0.1494, 0.1496, 0.1500, 0.1510, 0.1558, 0.1545, 0.1527, 0.1519,
        0.1506, 0.1489, 0.1471, 0.1447, 0.1436, 0.1444, 0.1452, 0.1455, 0.1453,
        0.1446, 0.1439, 0.1436, 0.1436, 0.1439, 0.1442, 0.1449, 0.1455, 0.1457,
        0.1463, 0.1467, 0.1473, 0.1477, 0.1481, 0.1484, 0.1489, 0.1494, 0.1497,
        0.1500, 0.1503, 0.1505, 0.1507, 0.1507, 0.1506, 0.1505, 0.1506, 0.1508,
        0.1510, 0.1512, 0.1515, 0.1516, 0.1516, 0.1516, 0.1515, 0.1514, 0.1513,
        0.1511, 0.1511, 0.1510, 0.1511, 0.1511, 0.1512, 0.1510, 0.1508, 0.1506,
        0.1503, 0.1502, 0.1502, 0.1501, 0.1500, 0.1500, 0.1501, 0.1503, 0.1505,
        0.1505, 0.1506, 0.1505, 0.1504, 0.1502, 0.1500, 0.1497, 0.1495, 0.1493,
        0.1494, 0.1496, 0.1500, 0.1510])), ('backbone.in_linear1.linear.weight', tensor([[-5.4120e-01,  3.3779e-01,  1.6991e-01,  ...,  6.0668e-03,
          3.2157e-01, -5.9032e-01],
        [ 3.6749e-03, -1.0909e-01, -2.4943e-01,  ..., -1.8913e-01,
         -7.0512e-02, -5.6161e-01],
        [ 2.7518e-01,  2.5560e-01,  4.4647e-01,  ...,  8.4445e-02,
         -1.8970e-01,  7.1668e-01],
        ...,
        [ 2.8812e-02, -2.1721e-01, -1.9651e-01,  ...,  5.9415e-02,
         -5.9573e-04,  5.7359e-01],
        [-1.7149e-01,  2.7473e-02, -1.3135e-01,  ...,  1.8728e-01,
          1.4404e-02, -6.2192e-01],
        [-1.8098e-01,  2.4288e-01,  3.5766e-01,  ..., -3.0316e-01,
         -3.9409e-01,  1.3549e-01]])), ('backbone.in_linear1.linear.bias', tensor([-0.2130,  0.0234,  0.0498,  1.9746, -0.7010, -0.1439, -0.0851,  0.8347,
        -0.1190, -0.4037,  0.5785, -0.5566, -0.5317,  0.5197,  0.1002,  0.0224,
         1.0986,  0.7005,  0.2871,  0.8953,  0.2712,  0.0314,  0.6489, -0.3021,
         0.1206, -0.1146, -0.9851,  0.6045, -0.7444, -1.0331, -0.7466,  0.7262,
        -0.0385, -0.3680,  0.4628,  0.8271, -1.0205, -0.2280,  0.1590, -1.3710,
        -2.0482,  0.0981,  0.0715,  0.4918,  0.9555, -0.7328, -0.6606,  1.1983,
         0.4309,  0.4867, -0.1861,  0.6427, -0.2304, -1.0671,  0.2193,  0.3235,
         0.2564, -0.8491,  0.2025,  0.0697,  0.6082, -0.0688, -0.4580,  0.7204,
         0.4522,  0.0735, -0.3467,  0.2285,  0.5213,  0.6475, -0.0136,  0.3333,
        -0.2710,  0.9461,  0.9759, -0.0699,  0.2745,  0.7165, -0.2645, -0.2223,
         0.5860, -0.2006, -0.6322,  1.0531, -0.6350,  0.1591, -0.1393, -0.6433,
        -0.0831,  0.0720,  0.2388,  0.5930,  0.3190,  1.1966,  0.1721,  0.2917,
         0.6203,  0.7420,  0.0108, -0.0716,  0.2127, -1.2206,  0.2969,  0.1064,
         0.0356, -0.8530,  0.5387,  0.0082,  0.8781,  1.1752, -0.3531, -0.1506,
        -0.8995, -0.6126,  0.2026, -0.4155, -1.1157, -0.6210, -0.1547,  0.3384,
        -0.5150,  0.0966,  0.2049, -0.3726,  0.0161,  0.1562,  0.3138, -0.9927,
         0.4535,  0.4413,  0.0642, -0.0167,  0.0850,  1.0787,  0.1043, -0.3555,
        -0.2439, -0.9218,  0.7754,  0.1024])), ('backbone.in_linear2.linear.weight', tensor([[ 0.0181, -0.3418, -0.3182,  ...,  0.4052, -0.0827, -0.1222],
        [-0.2196,  0.0214,  0.3944,  ...,  0.0129, -0.1308, -0.2500],
        [ 0.1026, -0.1336, -0.1463,  ...,  0.2284,  0.0035, -0.1484],
        ...,
        [-0.1192,  0.4026, -0.3195,  ...,  0.2800, -0.0854,  0.2166],
        [-0.2653,  0.2529,  0.2342,  ...,  0.1367,  0.1152,  0.3057],
        [-0.1988, -0.0809,  0.1819,  ..., -0.0584, -0.6156, -0.0505]])), ('backbone.in_linear2.linear.bias', tensor([-0.8442,  0.2308,  0.3194, -0.9800,  5.3217, -0.5259, -0.9008, -1.1425,
        -1.1900, -0.7553, -0.1729, -0.6199, -0.5409, -0.8029, -0.7187, -1.5799,
        -1.7716, -0.5556, -0.6382,  0.3921, -1.3878, -1.8786, -0.4226, -1.3174,
         0.1328, -0.8513,  0.1072, -0.5731, -0.6882, -0.0220,  0.2159, -0.3178,
        -1.7104,  0.8056,  1.3224, -0.2965, -2.2967, -0.9148, -2.6198, -1.1863,
        -0.3240, -0.3595,  4.7315, -1.0477, -1.1409, -1.3750,  0.7105, -0.2114,
        -1.4816, -0.8533, -0.6761, -0.9373, -1.0689, -0.4909, -0.8784, -0.8321,
         0.4251, -0.6761,  0.0572, -1.2678,  8.6035, -0.7058, -1.2367, -0.6100,
        -0.3476, -0.2826, -1.3708, -0.8378, -0.4605, -0.4978, -1.4245, -0.7455,
         1.7320,  2.2595,  0.4651, -1.3978, -1.1247,  0.2872, -0.8805, -1.2814,
        -0.4694, -0.4770, -0.4885,  0.6333, -0.6596,  7.4294, -1.6632,  0.7000,
        -0.1679,  0.4521, -1.2695,  2.2982, -1.6418, -1.0473,  0.1674, -0.2425,
        -0.7408,  0.7885, -0.4088, -1.3644, -0.7348,  0.4687, -0.7635, -0.0323,
        -1.5559, -1.2900, -1.9007, -0.4333, -2.0733,  1.7664, -0.9565, -0.6650,
        -0.6792, -1.1717, -0.7529, -0.3806,  2.7647, -0.0445, -1.4411, -0.2684,
        -0.6025, -0.9289,  0.6241, -0.1635, -0.4060, -0.2251, -0.5442, -1.3714,
        -1.2045, -0.3684, -0.1772, -0.7753,  0.2778, -1.1236, -1.0920, -0.9360,
         1.8930, -0.4369, -0.6891,  0.9405, -0.2208, -1.2221,  7.4131, -0.5684,
        -0.9653, -1.3703, -0.1675, -1.0577, -1.1857, -0.4279,  0.0889, -0.7386,
        -0.3676, -0.4857, -0.1007, -0.7909, -0.1949, -0.7833,  1.9839, -1.1026,
        -1.0507,  0.5461, -0.3222, -0.8632, -0.7460, -0.8797, -0.6253, -1.0792,
        -1.2558, -0.9606, -0.8258, -1.2519, -0.9666, -0.2360, -0.1374, -0.5073,
        -0.5357, -0.4542, -0.6122,  4.7715, -1.3418,  0.3317, -1.4994, -1.1356,
        -1.6427,  1.6603, -1.4927, -0.5609,  2.1490,  1.7243, -1.3932, -1.6897,
        -0.8518, -0.4369, -1.0913,  1.1235, -1.6714, -0.8994, -1.0912, -1.1626,
        -0.8454, -0.6103, -0.7682, -0.6863, -0.9836, -1.6784, -0.1233,  4.6643,
        -0.4294,  0.0850, -0.6912, -1.6721, -1.0161,  2.6415, -1.7743,  0.2617,
         1.9106, -1.8285,  0.9368,  1.1028, -1.6283, -0.2355, -1.5079,  0.5640,
         0.0374, -1.0411, -1.2701, -1.8447, -1.1830, -1.3510, -1.3981, -1.8083,
         0.6466, -1.1089, -0.6999, -1.6785, -0.1949, -0.6476,  0.0678, -1.2450,
         1.0719, -0.6965, -1.3534, -1.3439, -0.6055, -0.6657, -0.9986, -0.1530,
         0.9453,  0.5438])), ('backbone.fsmn.0.0.linear.weight', tensor([[ 0.0964,  0.0833,  0.1103,  ..., -0.2885,  0.3961, -0.0951],
        [ 0.0225, -0.0026,  0.0307,  ...,  0.0222, -0.0292, -0.1192],
        [ 0.0691, -0.3677,  0.0928,  ..., -0.2587, -0.1558, -0.1322],
        ...,
        [-0.5966,  0.0379,  0.3610,  ...,  0.2278, -0.4781,  0.0299],
        [-0.0446,  0.2993,  0.3984,  ..., -0.0579,  0.2058,  0.1026],
        [ 0.3159, -0.0438,  0.1269,  ..., -0.0263,  0.3468,  0.0801]])), ('backbone.fsmn.0.1.conv_left.weight', tensor([[[[ 3.1477e-04],
          [-8.3173e-03],
          [-3.7122e-03],
          ...,
          [-4.0262e-03],
          [ 1.1045e-01],
          [-5.7851e-01]]],


        [[[-1.9335e-02],
          [ 8.1711e-03],
          [-7.2007e-03],
          ...,
          [-1.1601e-01],
          [-2.7264e-01],
          [-7.6275e-01]]],


        [[[-1.0118e-02],
          [-1.0668e-02],
          [-7.1018e-03],
          ...,
          [-7.1635e-03],
          [ 7.9209e-02],
          [-5.8850e-01]]],


        ...,


        [[[-3.7327e-02],
          [-1.2856e-02],
          [-1.9863e-02],
          ...,
          [-5.0789e-02],
          [-1.3097e-01],
          [-7.2328e-01]]],


        [[[-3.4103e-03],
          [-9.9255e-03],
          [-5.1630e-03],
          ...,
          [-2.6238e-03],
          [-3.2825e-02],
          [-5.0925e-01]]],


        [[[ 2.7828e-03],
          [ 7.3320e-03],
          [ 8.3236e-03],
          ...,
          [ 2.4708e-02],
          [-7.7273e-02],
          [-4.8945e-01]]]])), ('backbone.fsmn.0.1.conv_right.weight', tensor([[[[-2.9617e-01],
          [-1.1468e-01]]],


        [[[ 1.4148e-01],
          [ 1.1735e-01]]],


        [[[ 2.2108e-01],
          [ 7.4952e-02]]],


        [[[ 1.1517e-01],
          [ 9.4245e-02]]],


        [[[ 1.5274e-02],
          [ 6.9013e-02]]],


        [[[ 2.8881e-01],
          [ 1.1213e-01]]],


        [[[ 6.3878e-02],
          [ 9.6229e-02]]],


        [[[ 6.2323e-02],
          [ 4.9710e-02]]],


        [[[-4.1246e-02],
          [-2.8502e-02]]],


        [[[ 2.3208e-01],
          [ 7.9287e-02]]],


        [[[ 6.2300e-02],
          [ 8.6686e-02]]],


        [[[ 1.8885e-01],
          [ 5.0992e-02]]],


        [[[-2.9196e-02],
          [-4.3380e-02]]],


        [[[ 3.8703e-02],
          [-4.6298e-02]]],


        [[[ 1.2942e-01],
          [ 1.9796e-02]]],


        [[[-4.7224e-02],
          [-4.1833e-02]]],


        [[[ 2.8509e-02],
          [-1.1708e-01]]],


        [[[-5.7294e-02],
          [-7.7912e-03]]],


        [[[ 8.6815e-02],
          [-2.3921e-02]]],


        [[[ 3.4578e-02],
          [-8.1695e-02]]],


        [[[-2.2689e-01],
          [-3.1336e-01]]],


        [[[-9.3229e-02],
          [ 5.1131e-02]]],


        [[[-1.4267e-02],
          [ 2.0159e-02]]],


        [[[ 2.4157e-02],
          [-5.1599e-02]]],


        [[[ 2.9070e-01],
          [ 7.1531e-02]]],


        [[[ 4.5767e-02],
          [ 6.8123e-02]]],


        [[[ 9.5217e-02],
          [ 3.8157e-02]]],


        [[[-5.1159e-01],
          [ 1.7238e-01]]],


        [[[-1.8678e-01],
          [-5.7260e-02]]],


        [[[ 1.0306e-01],
          [ 2.3194e-02]]],


        [[[ 6.9419e-02],
          [-4.2047e-02]]],


        [[[ 7.8333e-02],
          [-2.9233e-02]]],


        [[[-3.6056e-01],
          [-8.6318e-02]]],


        [[[ 1.2230e-01],
          [-2.0708e-04]]],


        [[[ 1.6537e-01],
          [ 4.3562e-02]]],


        [[[ 9.7923e-02],
          [ 4.9459e-02]]],


        [[[ 8.3931e-04],
          [ 3.8822e-03]]],


        [[[ 3.6665e-02],
          [ 6.7886e-02]]],


        [[[ 1.4185e-01],
          [ 6.7536e-02]]],


        [[[ 1.5062e-01],
          [-1.1607e-02]]],


        [[[ 6.7343e-03],
          [ 1.4996e-02]]],


        [[[ 2.3233e-01],
          [ 6.8823e-02]]],


        [[[-1.7959e-01],
          [-1.4543e-01]]],


        [[[ 2.1190e-01],
          [ 6.4561e-02]]],


        [[[ 6.1562e-02],
          [ 8.4482e-02]]],


        [[[-1.8966e-01],
          [-5.6531e-02]]],


        [[[ 1.1520e-01],
          [-6.8215e-03]]],


        [[[-2.1801e-01],
          [-1.2459e-01]]],


        [[[ 1.0683e-01],
          [ 4.0605e-02]]],


        [[[ 1.1647e-01],
          [ 3.2529e-02]]],


        [[[ 1.5526e-01],
          [ 4.0586e-02]]],


        [[[ 1.5589e-01],
          [ 3.4559e-02]]],


        [[[ 8.9592e-02],
          [-1.7659e-02]]],


        [[[-1.0139e-01],
          [-1.0312e-01]]],


        [[[ 2.4191e-01],
          [ 1.6140e-01]]],


        [[[-2.6052e-01],
          [-1.4268e-02]]],


        [[[ 1.0691e-01],
          [ 2.7370e-02]]],


        [[[ 1.4680e-01],
          [ 4.8291e-02]]],


        [[[-3.2480e-01],
          [-1.1985e-01]]],


        [[[ 7.1791e-03],
          [ 6.5162e-02]]],


        [[[-3.6375e-02],
          [ 7.2993e-02]]],


        [[[ 9.2219e-02],
          [ 4.3961e-02]]],


        [[[-1.4978e-02],
          [-5.5403e-02]]],


        [[[-3.3376e-01],
          [-1.3441e-01]]],


        [[[ 1.9246e-01],
          [ 4.1074e-02]]],


        [[[ 1.4845e-01],
          [-8.3579e-03]]],


        [[[ 1.5281e-01],
          [ 6.3946e-02]]],


        [[[-1.1524e-01],
          [-3.7525e-02]]],


        [[[ 1.4423e-01],
          [ 6.1143e-02]]],


        [[[ 1.1883e-01],
          [ 1.7215e-02]]],


        [[[ 1.6341e-01],
          [ 1.0773e-01]]],


        [[[ 1.2075e-01],
          [ 3.0795e-02]]],


        [[[ 1.1486e-01],
          [-3.1392e-02]]],


        [[[ 7.2707e-02],
          [-8.5162e-01]]],


        [[[ 7.3245e-02],
          [-3.1301e-02]]],


        [[[ 1.0210e-02],
          [ 5.5798e-04]]],


        [[[-3.7964e-01],
          [-1.1383e-01]]],


        [[[-7.2603e-02],
          [-5.1518e-02]]],


        [[[ 1.5055e-01],
          [ 2.7127e-03]]],


        [[[ 1.1580e-01],
          [ 5.2463e-04]]],


        [[[-3.5731e-02],
          [-2.6831e-02]]],


        [[[ 2.2052e-02],
          [ 7.2122e-03]]],


        [[[ 6.8079e-02],
          [-2.9930e-02]]],


        [[[ 5.1932e-02],
          [ 7.5117e-02]]],


        [[[ 8.6868e-02],
          [ 3.1114e-02]]],


        [[[-1.1063e-01],
          [ 3.4395e-02]]],


        [[[-3.9587e-01],
          [-1.5725e-01]]],


        [[[-1.3624e-01],
          [-3.8569e-01]]],


        [[[-3.0107e-02],
          [-4.3959e-02]]],


        [[[ 2.7858e-02],
          [ 8.3130e-02]]],


        [[[ 6.8660e-02],
          [ 6.6578e-02]]],


        [[[-1.7796e-01],
          [-3.2152e-01]]],


        [[[ 1.8476e-01],
          [ 1.0174e-01]]],


        [[[ 1.5420e-02],
          [-1.4097e-02]]],


        [[[-9.5920e-02],
          [ 3.5580e-02]]],


        [[[ 1.4190e-01],
          [ 1.3443e-02]]],


        [[[-7.4179e-02],
          [-5.9204e-02]]],


        [[[ 7.7171e-03],
          [ 5.2433e-03]]],


        [[[-8.7157e-02],
          [-1.6444e-02]]],


        [[[ 4.3693e-03],
          [-2.0488e-02]]],


        [[[-1.1135e-02],
          [-2.3486e-02]]],


        [[[ 2.9239e-01],
          [ 1.1113e-01]]],


        [[[ 9.7394e-02],
          [ 1.2877e-02]]],


        [[[ 3.4860e-02],
          [ 3.2636e-02]]],


        [[[ 7.5949e-02],
          [ 8.9008e-02]]],


        [[[ 1.1367e-01],
          [ 3.3677e-02]]],


        [[[ 6.3445e-02],
          [ 8.4685e-02]]],


        [[[ 1.6837e-02],
          [-1.9680e-02]]],


        [[[ 2.9088e-01],
          [ 1.1714e-01]]],


        [[[-1.7941e-01],
          [-1.5655e-01]]],


        [[[ 2.4079e-02],
          [ 4.6944e-02]]],


        [[[-1.5999e-01],
          [-8.3033e-02]]],


        [[[ 1.9351e-01],
          [ 7.8488e-02]]],


        [[[-3.2647e-01],
          [-2.4503e-02]]],


        [[[ 7.7349e-02],
          [ 9.3819e-02]]],


        [[[ 2.0376e-01],
          [ 1.5247e-01]]],


        [[[-2.4155e-01],
          [-6.8161e-02]]],


        [[[ 1.4738e-01],
          [ 1.1927e-01]]],


        [[[ 9.8183e-02],
          [-6.9743e-03]]],


        [[[-2.7735e-02],
          [ 2.2295e-02]]],


        [[[ 1.4927e-01],
          [ 3.5263e-02]]],


        [[[ 4.9164e-02],
          [ 6.2552e-02]]],


        [[[ 1.4365e-01],
          [ 4.0898e-02]]],


        [[[ 8.7837e-02],
          [ 3.8558e-03]]],


        [[[ 9.2028e-02],
          [ 6.8109e-02]]],


        [[[ 2.3201e-01],
          [ 3.2287e-02]]],


        [[[-1.3884e-01],
          [-7.9711e-02]]],


        [[[-4.4925e-01],
          [-1.3211e-02]]]])), ('backbone.fsmn.0.2.linear.weight', tensor([[ 0.3590,  0.0372,  0.1378,  ..., -0.2783, -0.1231, -0.1182],
        [-0.1414,  0.0349,  0.2225,  ...,  0.2326,  0.3269, -0.1848],
        [ 0.1843, -0.0647,  0.1768,  ..., -0.4935, -0.1626,  1.1639],
        ...,
        [ 0.1826,  0.0353,  0.1936,  ..., -0.2754,  0.1613, -0.0452],
        [-0.2632, -0.0024,  0.1117,  ...,  0.4331,  0.0877, -0.1855],
        [-0.2249,  0.6242,  0.4827,  ...,  0.2169, -0.3099, -0.1156]])), ('backbone.fsmn.0.2.linear.bias', tensor([-1.4047,  0.7469, -1.4728, -0.6511, -0.4220, -0.3782, -0.6893, -0.1684,
        -0.3536,  0.0356, -1.0467, -0.7275, -0.4084, -0.2051, -1.1804, -0.5567,
        -0.7291, -0.7557, -0.0925,  0.7201,  0.6938, -0.9059,  1.3612, -2.0695,
         0.2271,  0.3961, -0.5798, -0.8638, -0.3106, -0.1536, -0.6572, -0.9486,
        -0.6348,  0.7820, -0.3524,  0.9424, -0.9885,  1.2139,  0.2562,  0.5139,
        -0.2919, -1.0624, -1.4544, -2.1545, -0.3102, -0.7235,  1.3551, -0.8610,
         0.7704, -1.1301, -0.6588, -0.4768, -1.1332, -0.2679,  0.2346, -0.0389,
        -0.7879,  0.0438,  0.1503,  1.4791,  0.5965, -0.4843,  3.0640, -1.1712,
         0.7067, -1.1954,  0.1510, -0.2599,  0.8920, -0.2962, -0.5097,  0.1358,
        -0.0898, -1.2829, -1.6981, -0.0880,  2.4829,  0.0808, -0.1539, -0.8103,
         0.4637, -3.1672,  4.2423,  2.0081, -0.5937,  0.2293, -0.4912,  0.6922,
        -0.3942, -0.0671, -0.0941, -2.8815,  0.1078, -0.8642, -0.3378, -0.2399,
        -0.2657,  0.1206,  1.4590, -2.3529, -1.1143, -1.0404, -0.3975, -1.0864,
        -0.6496, -1.3374,  0.2627, -1.0949, -1.6030, -0.7242,  2.1832, -0.9803,
         0.3597, -0.5640, -0.6174, -1.7255,  0.7885, -0.7916, -1.1227, -3.8724,
         0.9921,  0.2078, -0.4508, -0.5655,  0.5716, -0.8379, -0.1911,  1.1679,
        -1.3496, -0.1210,  0.8850, -1.4494,  0.2653, -2.4352,  1.1779, -1.3508,
        -0.9263, -0.5169, -0.4174,  0.4098,  0.1201,  0.8470, -0.7018, -0.1708,
         1.5118, -0.3940, -2.2323, -0.0737, -0.2009, -0.6954,  0.0716,  0.9524,
        -3.1210,  0.6891, -0.0328, -0.2637, -0.2339, -1.1051, -1.7463,  1.0054,
        -1.5661,  0.0988, -0.2943, -1.4531, -0.2658, -0.4620, -0.6700, -0.8810,
        -0.3645, -0.5019,  0.2054,  1.1640, -0.8298, -1.4201,  0.0698, -0.7042,
        -0.8198, -0.0798, -1.8235, -0.2420,  0.3956, -0.8334,  0.2390,  0.1045,
        -0.7751, -3.5155, -1.3078, -0.0161,  0.4272, -0.7050, -0.8330, -0.5400,
        -0.9801,  0.8319, -0.5837,  0.2153,  1.2856, -0.8174, -0.4967, -0.3898,
        -0.8351, -1.4369,  0.4476, -0.3457, -0.8901, -0.7738, -2.0447, -0.3625,
        -0.9678,  0.6656, -1.3062, -0.7230,  0.5523,  0.3646, -0.1717, -0.2701,
        -0.2921, -1.0006, -0.5166, -0.8292, -1.0684, -0.0439, -0.5180, -0.2978,
        -0.5503, -0.2875, -0.9297, -0.1931,  0.1088, -0.4452, -1.4463,  0.8080,
        -0.5178, -0.1939, -1.0103, -0.8821, -0.1117, -0.4681, -0.8435, -0.2938,
         0.1849,  0.0089, -3.0204,  0.2162,  2.3930,  4.7782, -0.6303, -0.5883,
        -0.6672, -0.2892])), ('backbone.fsmn.1.0.linear.weight', tensor([[ 0.1069, -0.2747,  0.3211,  ...,  0.4526,  0.3213, -0.4630],
        [ 0.2198,  0.0364, -0.2381,  ...,  0.2911, -0.1260, -0.0837],
        [-0.3207,  0.1003, -0.0959,  ..., -0.0589, -0.0544, -0.1615],
        ...,
        [-0.3844,  0.1686,  0.3721,  ..., -0.1460,  0.1264, -0.2469],
        [ 0.4479, -0.1046, -0.0097,  ...,  0.0168,  0.3658,  0.3564],
        [-0.1762, -0.1892, -0.0740,  ...,  0.3099, -0.0093,  0.0570]])), ('backbone.fsmn.1.1.conv_left.weight', tensor([[[[-1.5102e-03],
          [ 1.5438e-03],
          [-5.1827e-03],
          ...,
          [-2.7829e-02],
          [-3.7738e-02],
          [-9.8667e-01]]],


        [[[-1.0320e-02],
          [-3.3791e-03],
          [-7.7427e-03],
          ...,
          [-4.2293e-02],
          [-7.7879e-02],
          [-1.0190e+00]]],


        [[[ 4.3436e-03],
          [ 1.1907e-02],
          [-3.5432e-03],
          ...,
          [ 2.3484e-02],
          [ 6.8360e-02],
          [-7.2459e-01]]],


        ...,


        [[[ 1.5982e-02],
          [-1.2538e-03],
          [ 7.7092e-03],
          ...,
          [-3.5282e-03],
          [ 2.5658e-02],
          [-6.8274e-01]]],


        [[[ 1.5983e-03],
          [ 1.5665e-03],
          [ 2.4434e-03],
          ...,
          [ 5.2299e-02],
          [ 9.3876e-02],
          [-8.2147e-01]]],


        [[[ 5.5908e-04],
          [-6.9296e-03],
          [ 6.8875e-04],
          ...,
          [ 3.4048e-04],
          [ 3.6599e-02],
          [-6.4840e-01]]]])), ('backbone.fsmn.1.1.conv_right.weight', tensor([[[[ 0.2182],
          [ 0.1472]]],


        [[[ 0.2177],
          [ 0.1399]]],


        [[[-0.3554],
          [ 0.0598]]],


        [[[ 0.0873],
          [-0.0410]]],


        [[[ 0.0828],
          [ 0.0159]]],


        [[[ 0.0660],
          [-0.0415]]],


        [[[-0.1003],
          [-0.2063]]],


        [[[ 0.0701],
          [ 0.0976]]],


        [[[-0.0224],
          [-0.0706]]],


        [[[ 0.0625],
          [ 0.2585]]],


        [[[ 0.0949],
          [-0.0257]]],


        [[[ 0.2153],
          [ 0.0064]]],


        [[[ 0.0765],
          [ 0.0920]]],


        [[[ 0.1219],
          [ 0.1039]]],


        [[[ 0.0503],
          [-0.0312]]],


        [[[ 0.0459],
          [ 0.0545]]],


        [[[ 0.0922],
          [ 0.2383]]],


        [[[-0.0910],
          [-0.0317]]],


        [[[ 0.0056],
          [-0.0116]]],


        [[[ 0.0849],
          [ 0.0595]]],


        [[[ 0.2052],
          [-0.1098]]],


        [[[-0.0019],
          [ 0.2166]]],


        [[[-0.2089],
          [ 0.0288]]],


        [[[ 0.1357],
          [ 0.0521]]],


        [[[ 0.0147],
          [ 0.0412]]],


        [[[ 0.0787],
          [ 0.0077]]],


        [[[ 0.0901],
          [ 0.2234]]],


        [[[ 0.0029],
          [-0.3685]]],


        [[[ 0.0752],
          [ 0.0107]]],


        [[[ 0.2059],
          [ 0.0290]]],


        [[[ 0.0898],
          [-0.0166]]],


        [[[ 0.2005],
          [ 0.1767]]],


        [[[-0.0262],
          [-0.0489]]],


        [[[ 0.0523],
          [ 0.0759]]],


        [[[ 0.1252],
          [-0.0632]]],


        [[[ 0.1225],
          [-0.0551]]],


        [[[ 0.0825],
          [-0.0259]]],


        [[[ 0.1475],
          [ 0.0825]]],


        [[[ 0.1271],
          [ 0.0256]]],


        [[[-0.0744],
          [-0.2842]]],


        [[[-0.0075],
          [-0.0836]]],


        [[[ 0.0334],
          [-0.0180]]],


        [[[ 0.1956],
          [ 0.0986]]],


        [[[ 0.0422],
          [ 0.0882]]],


        [[[ 0.1175],
          [ 0.0438]]],


        [[[-0.0438],
          [ 0.3715]]],


        [[[-0.0563],
          [-0.2283]]],


        [[[ 0.0359],
          [-0.0585]]],


        [[[ 0.0880],
          [ 0.0352]]],


        [[[ 0.1474],
          [-0.0104]]],


        [[[-0.0581],
          [-0.0744]]],


        [[[ 0.0732],
          [-0.1183]]],


        [[[-0.0329],
          [-0.1010]]],


        [[[ 0.0358],
          [ 0.1056]]],


        [[[ 0.0684],
          [ 0.0880]]],


        [[[ 0.0680],
          [-0.1627]]],


        [[[ 0.0085],
          [ 0.0390]]],


        [[[-0.4131],
          [ 0.2113]]],


        [[[-0.0375],
          [-0.0482]]],


        [[[-0.2374],
          [-0.0599]]],


        [[[ 0.1514],
          [-0.0619]]],


        [[[ 0.1407],
          [ 0.0366]]],


        [[[ 0.0525],
          [ 0.3728]]],


        [[[ 0.0144],
          [-0.0128]]],


        [[[ 0.1812],
          [ 0.0909]]],


        [[[ 0.0146],
          [-0.3581]]],


        [[[ 0.2100],
          [ 0.0630]]],


        [[[ 0.1565],
          [ 0.0321]]],


        [[[-0.2034],
          [-0.1501]]],


        [[[ 0.0347],
          [-0.1339]]],


        [[[-0.0348],
          [-0.0317]]],


        [[[ 0.1075],
          [ 0.2046]]],


        [[[-0.0929],
          [ 0.0116]]],


        [[[ 0.1831],
          [ 0.0353]]],


        [[[-0.3323],
          [-0.0198]]],


        [[[-0.3463],
          [-0.0729]]],


        [[[ 0.2299],
          [ 0.1052]]],


        [[[ 0.0019],
          [ 0.0705]]],


        [[[ 0.1080],
          [ 0.0562]]],


        [[[ 0.0965],
          [ 0.0546]]],


        [[[ 0.0992],
          [-0.0030]]],


        [[[-0.0801],
          [ 0.0319]]],


        [[[ 0.0848],
          [-0.0284]]],


        [[[-0.0563],
          [-0.0359]]],


        [[[ 0.2415],
          [ 0.0281]]],


        [[[ 0.2537],
          [-0.0280]]],


        [[[ 0.1414],
          [ 0.1091]]],


        [[[-0.0200],
          [-0.2772]]],


        [[[ 0.1636],
          [-0.0093]]],


        [[[ 0.1166],
          [-0.0519]]],


        [[[ 0.0955],
          [ 0.0216]]],


        [[[ 0.0723],
          [ 0.0017]]],


        [[[ 0.2570],
          [-0.0270]]],


        [[[ 0.1416],
          [-0.2331]]],


        [[[ 0.0081],
          [ 0.0025]]],


        [[[-0.0864],
          [-0.1754]]],


        [[[ 0.1531],
          [-0.0235]]],


        [[[-0.0616],
          [-0.2337]]],


        [[[ 0.0201],
          [-0.0637]]],


        [[[-0.1649],
          [-0.0179]]],


        [[[-0.1537],
          [-0.0556]]],


        [[[-0.2657],
          [-0.1058]]],


        [[[ 0.0328],
          [-0.0038]]],


        [[[ 0.2128],
          [ 0.1968]]],


        [[[ 0.0282],
          [ 0.1142]]],


        [[[-0.1482],
          [ 0.0070]]],


        [[[ 0.2064],
          [ 0.0198]]],


        [[[-0.0066],
          [-0.0844]]],


        [[[ 0.1314],
          [ 0.0126]]],


        [[[-0.0193],
          [-0.0474]]],


        [[[ 0.0583],
          [-0.0018]]],


        [[[ 0.0245],
          [ 0.0569]]],


        [[[ 0.1664],
          [ 0.1393]]],


        [[[-0.1986],
          [-0.0627]]],


        [[[ 0.0383],
          [ 0.0365]]],


        [[[ 0.0901],
          [ 0.0288]]],


        [[[ 0.0137],
          [ 0.0557]]],


        [[[ 0.3417],
          [-0.0914]]],


        [[[ 0.0390],
          [-0.0255]]],


        [[[ 0.1464],
          [ 0.0065]]],


        [[[ 0.1221],
          [ 0.0434]]],


        [[[ 0.2173],
          [ 0.1726]]],


        [[[ 0.1484],
          [ 0.0443]]],


        [[[-0.1150],
          [-0.0750]]],


        [[[-0.1444],
          [-0.0588]]],


        [[[ 0.0223],
          [ 0.0159]]],


        [[[ 0.0463],
          [ 0.0052]]],


        [[[-0.0823],
          [-0.0675]]]])), ('backbone.fsmn.1.2.linear.weight', tensor([[ 0.1831,  0.2925, -0.1594,  ..., -0.3534,  0.1935, -0.2838],
        [ 0.2921, -0.4273, -0.0875,  ..., -1.2457, -0.2232, -0.9339],
        [-0.4715, -0.5114, -0.1756,  ..., -0.3127, -0.1873,  0.0814],
        ...,
        [-0.0796,  0.1948, -0.1725,  ...,  0.0137, -0.3346,  0.0325],
        [ 0.3033, -0.0819, -0.0996,  ..., -0.3010,  0.0811, -0.7375],
        [-0.5600, -0.4556,  0.2173,  ..., -0.5817,  0.2430, -0.6174]])), ('backbone.fsmn.1.2.linear.bias', tensor([-2.4168e-01, -1.0984e+00,  6.9695e-02, -2.9318e-01, -2.3267e-01,
         3.7245e+00,  1.0403e+00,  1.0303e+00,  1.2036e+00, -1.9954e-01,
         7.1835e-01,  1.6942e+00, -3.9701e-01, -1.1156e-01, -1.0418e+00,
         4.4362e-01,  1.8569e+00,  1.2797e+00, -6.9355e-01, -1.2377e+00,
         4.8779e-01, -1.0447e+00,  6.7615e-01,  1.6499e+00, -9.1974e-01,
        -3.2063e-01, -4.7399e-02, -5.0210e-01, -5.0393e+00,  1.2387e-01,
        -1.7444e+00, -3.2611e+00, -5.1327e-01, -1.2826e-03, -1.9551e-01,
         2.3244e+00, -1.1803e-01, -9.8644e-01,  3.0170e-01, -1.4847e-01,
         1.2686e+00, -2.7808e-01, -1.1517e+00, -1.4921e+00,  2.0600e+00,
         6.3290e-01, -1.5537e+00, -2.5167e+00, -2.1491e+00,  1.4026e-01,
        -3.0096e-01,  4.7909e+00,  1.3192e+00, -4.6836e+00, -1.4667e-01,
        -4.0907e+00, -6.6552e-01, -3.0072e+00, -7.2908e-01,  1.8300e+00,
         3.1899e+00,  4.6865e-01,  1.2000e-01, -1.6545e+00, -1.8451e-01,
         7.4362e-01, -1.7175e+00,  1.4012e+00,  2.0920e+00, -1.4685e+00,
         1.0607e-02, -5.7099e-01, -6.0218e-04,  1.1983e+00,  1.3118e+00,
        -3.7848e-01,  6.9984e-01, -5.2267e-02,  2.8084e-01, -1.9265e-01,
        -6.4626e-01, -1.0638e+00,  8.2701e-01,  2.4426e+00, -2.9015e-01,
        -6.3472e-01, -1.1549e+00,  1.5436e+00,  1.8842e+00,  3.3513e+00,
         2.0943e-01, -1.5201e-01,  3.9565e-01,  2.1952e+00, -1.2347e+00,
        -1.4657e+00, -1.5797e+00,  5.2506e-01, -3.4560e+00, -6.4274e-01,
        -5.5578e-01, -1.1855e+00, -1.5923e-02,  1.4751e-01,  9.5882e-01,
         2.4274e+00,  2.1654e-01, -7.4191e-01, -1.0220e+00, -1.9245e-01,
        -1.6978e+00,  7.5940e-02,  2.2552e-01, -1.0879e+00, -1.7096e-02,
         3.6261e-01,  5.1974e+00, -9.0414e-01,  8.4825e-02,  2.3723e+00,
         9.4963e-01, -7.2205e+00, -2.0303e+00, -1.9638e-01, -3.8632e-01,
        -6.7703e-01, -2.9590e+00, -1.1338e+00, -2.5858e-01,  2.0371e+00,
         1.3887e+00,  1.0462e-01,  1.8913e+00,  3.1231e-01, -3.2401e-01,
        -1.2948e+00,  3.6126e+00,  4.8693e-01, -1.5145e+00, -1.6988e+00,
        -1.0899e+00, -6.1207e-01,  8.1971e-01,  2.3744e+00,  2.1148e-01,
         1.6441e+00,  3.4325e+00, -2.0879e+00, -7.0609e-01,  2.1432e+00,
         5.1051e-01, -1.3946e+00, -3.2901e+00,  5.0034e-01,  2.7756e-01,
         6.9811e-01, -1.5566e+00,  1.0723e+00,  9.8764e-01, -5.2091e-01,
        -1.0798e+00,  1.3979e+00,  8.4821e-01,  7.4428e-01,  7.9622e+00,
        -1.0146e+00,  5.2614e-01, -2.7199e+00, -3.0429e+00, -6.9670e-01,
         4.4158e-01, -1.2894e+00, -2.5930e-01,  1.0144e+00, -4.7244e-01,
        -8.5637e-02,  1.8951e+00,  4.1833e-01,  7.5721e-01, -5.1187e+00,
        -4.5793e-01,  5.1475e-01, -1.5056e-01, -2.9435e+00, -2.3646e+00,
        -8.3252e-01,  3.7354e-01, -2.2066e+00, -6.3751e-01, -3.1211e-01,
        -1.7545e+00,  1.0074e+00, -6.0474e-01, -5.7082e-03, -6.9914e-01,
         1.1992e+00, -7.1123e-01, -6.5920e+00, -1.8336e+00,  1.4290e+00,
        -5.3454e-02, -7.8289e-01, -8.9412e-01, -1.1583e+00,  1.5086e+00,
        -1.3197e+00,  3.6318e-01,  1.5375e-01, -3.5376e-01, -4.0976e-01,
         5.8127e-02, -6.2018e-01,  1.8167e+00, -7.6416e-01,  7.1609e-01,
        -3.7573e-01,  6.0930e-01, -4.2287e+00,  1.6085e+00, -3.2098e-01,
         7.3997e-01,  3.8293e+00,  1.3225e+00, -4.4967e-01, -2.0799e-01,
        -2.9516e-01, -5.4728e-01, -9.6528e-01, -6.0112e-02, -1.9921e+00,
        -9.0838e-03, -1.4137e+00,  1.0419e+00, -3.2096e-01,  1.9038e+00,
         5.1682e-01, -1.8586e+00,  1.2005e+00, -4.5157e+00, -1.5118e-02,
        -9.5851e-01, -1.2406e-02, -4.5278e-02,  2.1397e+00,  2.9324e-02,
         1.1898e+00,  1.8448e-01,  1.7283e+00, -7.4317e-01, -2.5557e+00])), ('backbone.fsmn.2.0.linear.weight', tensor([[ 0.2629, -0.1693,  0.0082,  ...,  0.1354, -0.0476,  0.0507],
        [ 0.0609, -0.1011,  0.2378,  ...,  0.1165, -0.3633,  0.4583],
        [-0.3860, -0.1450,  0.1717,  ...,  0.7351, -0.0426,  0.0516],
        ...,
        [ 0.3276, -0.4789,  0.0586,  ...,  0.3272,  0.3582,  0.2456],
        [ 0.2524, -0.9786, -0.1826,  ..., -0.3315,  0.0242,  0.2457],
        [ 0.1664, -0.1503,  0.0641,  ..., -0.1858,  0.5590, -0.0373]])), ('backbone.fsmn.2.1.conv_left.weight', tensor([[[[-0.0504],
          [-0.0264],
          [-0.0487],
          ...,
          [ 0.0812],
          [ 0.0258],
          [-0.9810]]],


        [[[ 0.0208],
          [ 0.0101],
          [ 0.0244],
          ...,
          [ 0.0441],
          [ 0.0251],
          [-0.9854]]],


        [[[-0.0047],
          [-0.0117],
          [-0.0021],
          ...,
          [ 0.0423],
          [ 0.0054],
          [-0.9982]]],


        ...,


        [[[ 0.0076],
          [ 0.0085],
          [ 0.0079],
          ...,
          [ 0.0423],
          [ 0.0220],
          [-0.9874]]],


        [[[ 0.0778],
          [ 0.0168],
          [ 0.0339],
          ...,
          [ 0.0181],
          [ 0.0117],
          [-0.9869]]],


        [[[ 0.0207],
          [ 0.0122],
          [ 0.0118],
          ...,
          [ 0.0670],
          [ 0.0642],
          [-0.9422]]]])), ('backbone.fsmn.2.1.conv_right.weight', tensor([[[[-2.1701e-03],
          [ 2.8883e-02]]],


        [[[ 4.0342e-03],
          [ 1.7716e-02]]],


        [[[-5.3016e-03],
          [-1.0847e-02]]],


        [[[ 6.3933e-02],
          [ 8.3424e-02]]],


        [[[ 2.1647e-02],
          [ 5.5160e-02]]],


        [[[-1.2119e-03],
          [-4.4627e-03]]],


        [[[ 1.5695e-03],
          [-2.8225e-03]]],


        [[[-9.9857e-03],
          [-5.2991e-03]]],


        [[[-1.2541e-02],
          [-7.1658e-03]]],


        [[[-1.5911e-02],
          [-2.9998e-02]]],


        [[[-2.7664e-03],
          [-6.7372e-03]]],


        [[[-8.9888e-03],
          [ 1.7946e-01]]],


        [[[ 1.2640e-02],
          [ 2.4767e-02]]],


        [[[ 8.4949e-03],
          [ 1.5388e-02]]],


        [[[-1.0319e-02],
          [-4.1688e-02]]],


        [[[ 6.7877e-03],
          [ 9.3019e-02]]],


        [[[-2.8660e-02],
          [-2.0513e-01]]],


        [[[ 2.4563e-02],
          [ 8.0180e-02]]],


        [[[ 1.0537e-02],
          [ 4.2128e-02]]],


        [[[-2.0340e-02],
          [ 1.6871e-01]]],


        [[[-1.7251e-04],
          [-1.1936e-02]]],


        [[[-1.0752e-02],
          [-8.2999e-03]]],


        [[[-1.5664e-02],
          [-4.1517e-02]]],


        [[[ 2.2045e-02],
          [-1.4865e-01]]],


        [[[ 1.1181e-02],
          [ 5.6253e-02]]],


        [[[ 1.5378e-02],
          [ 5.1238e-02]]],


        [[[ 3.4190e-03],
          [ 8.1384e-03]]],


        [[[-1.4606e-02],
          [-1.3217e-02]]],


        [[[ 3.5032e-02],
          [ 1.7713e-01]]],


        [[[-4.0311e-02],
          [-1.0444e-01]]],


        [[[ 5.2153e-03],
          [ 4.2308e-03]]],


        [[[-1.8462e-03],
          [ 4.7974e-02]]],


        [[[-4.1342e-02],
          [-1.2826e-01]]],


        [[[-2.8342e-02],
          [-7.5377e-03]]],


        [[[ 1.3121e-02],
          [ 4.1263e-02]]],


        [[[ 2.0101e-02],
          [ 1.3445e-02]]],


        [[[ 7.9382e-03],
          [ 1.2007e-01]]],


        [[[ 1.4893e-02],
          [ 9.4478e-02]]],


        [[[-3.3890e-02],
          [-7.0459e-02]]],


        [[[ 7.1746e-03],
          [ 2.2713e-02]]],


        [[[ 7.6994e-03],
          [-9.8678e-02]]],


        [[[ 3.4162e-02],
          [ 1.0751e-01]]],


        [[[ 6.0712e-03],
          [-1.1461e-02]]],


        [[[-2.4114e-03],
          [ 4.2297e-03]]],


        [[[ 5.3511e-03],
          [-6.1538e-02]]],


        [[[-1.1561e-03],
          [-8.7615e-03]]],


        [[[ 6.4828e-03],
          [-1.0487e-01]]],


        [[[-2.2400e-03],
          [-1.1775e-01]]],


        [[[-1.9933e-02],
          [-1.5385e-02]]],


        [[[ 6.9350e-02],
          [-1.9775e-01]]],


        [[[-6.3510e-03],
          [-1.0685e-02]]],


        [[[ 3.1975e-02],
          [ 7.4046e-02]]],


        [[[-1.1903e-02],
          [ 7.1493e-03]]],


        [[[-3.2948e-04],
          [-1.9329e-02]]],


        [[[-5.7331e-03],
          [-1.0337e-01]]],


        [[[ 6.1444e-03],
          [-1.9069e-02]]],


        [[[ 5.5216e-03],
          [ 1.9614e-03]]],


        [[[ 1.8057e-02],
          [ 5.2213e-02]]],


        [[[-1.6288e-02],
          [-6.9687e-02]]],


        [[[ 2.8725e-02],
          [ 8.1676e-02]]],


        [[[-3.8201e-03],
          [ 1.9175e-03]]],


        [[[-7.5059e-03],
          [-3.2598e-03]]],


        [[[ 3.3154e-02],
          [ 8.8999e-02]]],


        [[[ 2.0160e-02],
          [ 2.0208e-02]]],


        [[[-1.9068e-03],
          [ 9.1008e-03]]],


        [[[-3.7264e-02],
          [-3.2317e-02]]],


        [[[-2.2220e-03],
          [-1.2278e-02]]],


        [[[-2.8114e-02],
          [-4.9367e-02]]],


        [[[ 1.7374e-02],
          [ 7.8327e-03]]],


        [[[-1.8817e-02],
          [ 1.0773e-02]]],


        [[[ 2.5708e-02],
          [ 5.1355e-02]]],


        [[[ 5.3001e-03],
          [-3.0161e-03]]],


        [[[-9.4320e-04],
          [-2.1147e-02]]],


        [[[ 1.7713e-02],
          [ 1.7678e-01]]],


        [[[-2.1625e-03],
          [ 7.6313e-02]]],


        [[[-9.2486e-03],
          [-3.4160e-02]]],


        [[[-3.0997e-03],
          [-6.4426e-03]]],


        [[[-3.6879e-03],
          [-4.3907e-03]]],


        [[[-1.1769e-03],
          [-1.2959e-02]]],


        [[[ 3.0297e-02],
          [ 2.7793e-02]]],


        [[[ 1.6865e-02],
          [ 2.4279e-03]]],


        [[[ 2.4031e-02],
          [ 1.2726e-01]]],


        [[[ 1.5978e-02],
          [ 6.0335e-02]]],


        [[[-2.2188e-02],
          [-5.0330e-02]]],


        [[[ 7.9657e-03],
          [ 8.4658e-02]]],


        [[[-1.6806e-02],
          [-1.0013e-05]]],


        [[[-1.1971e-02],
          [ 1.0320e-02]]],


        [[[-5.4833e-03],
          [-7.7403e-03]]],


        [[[-1.5074e-02],
          [-1.0195e-02]]],


        [[[-6.4847e-04],
          [-3.8197e-02]]],


        [[[ 2.2899e-02],
          [ 3.1321e-02]]],


        [[[-2.7553e-02],
          [-5.5252e-02]]],


        [[[-5.3465e-03],
          [-4.5409e-02]]],


        [[[ 4.1412e-02],
          [ 4.8548e-02]]],


        [[[-5.0660e-03],
          [ 1.0752e-03]]],


        [[[-2.1743e-02],
          [-3.4428e-02]]],


        [[[-3.7822e-03],
          [-4.3665e-03]]],


        [[[ 1.7022e-02],
          [ 2.6887e-02]]],


        [[[ 7.5662e-04],
          [-3.3182e-02]]],


        [[[ 4.9485e-03],
          [-1.1653e-02]]],


        [[[-7.2221e-03],
          [-5.2291e-04]]],


        [[[ 6.7832e-03],
          [ 7.9566e-02]]],


        [[[-3.7002e-03],
          [-1.1635e-02]]],


        [[[ 3.2973e-03],
          [-1.6043e-03]]],


        [[[-1.2412e-02],
          [-1.0607e-02]]],


        [[[-3.0026e-03],
          [-9.9270e-03]]],


        [[[ 9.7751e-03],
          [ 7.5354e-03]]],


        [[[-8.4594e-03],
          [-1.6998e-02]]],


        [[[ 7.6067e-03],
          [-7.3957e-03]]],


        [[[-1.0168e-02],
          [ 9.2650e-03]]],


        [[[ 1.4692e-02],
          [-7.2223e-03]]],


        [[[ 2.2278e-04],
          [ 2.3138e-02]]],


        [[[ 1.0502e-03],
          [ 2.1557e-02]]],


        [[[ 7.9608e-03],
          [ 4.1207e-03]]],


        [[[ 1.1161e-02],
          [ 3.0681e-02]]],


        [[[ 3.9729e-03],
          [ 2.4618e-03]]],


        [[[ 1.8410e-02],
          [ 8.4687e-02]]],


        [[[ 6.6650e-03],
          [ 1.8455e-02]]],


        [[[-7.0075e-02],
          [ 2.5241e-01]]],


        [[[-2.2286e-02],
          [-1.2431e-02]]],


        [[[-8.9254e-03],
          [-2.1874e-02]]],


        [[[-3.4800e-03],
          [ 5.2337e-03]]],


        [[[-1.2900e-02],
          [ 9.9949e-02]]],


        [[[ 9.0232e-03],
          [ 2.1481e-02]]],


        [[[ 7.8172e-03],
          [ 1.0307e-01]]],


        [[[ 4.1205e-03],
          [ 3.7257e-03]]],


        [[[ 8.6986e-04],
          [ 4.2492e-02]]],


        [[[ 3.3058e-02],
          [ 5.2536e-02]]]])), ('backbone.fsmn.2.2.linear.weight', tensor([[-0.0361,  0.0957,  0.0848,  ..., -0.1040, -0.1114, -0.4925],
        [-0.5302,  0.4684, -0.6090,  ...,  0.5136,  0.0048, -0.1392],
        [-0.0894, -0.0663, -0.1803,  ..., -0.0713,  0.1372, -0.1230],
        ...,
        [ 0.0320,  0.0623, -0.0561,  ...,  0.0074, -0.0260, -0.0388],
        [ 0.1823,  0.2100, -0.1791,  ...,  0.3510, -0.1502, -0.3158],
        [ 0.0479,  0.0578, -0.2561,  ...,  0.1153, -0.1220,  0.1336]])), ('backbone.fsmn.2.2.linear.bias', tensor([-6.1372e-01, -1.4577e+00, -1.0454e-01, -5.7934e-01, -1.9920e-02,
         1.0960e+00,  8.3900e-01,  3.1997e-01,  9.4307e-01,  1.0848e+00,
        -1.9816e+00, -5.6288e-02,  2.6919e-03, -4.9835e-01, -4.1105e-02,
        -1.6617e-03,  3.1823e-01,  8.3757e-01, -8.9174e-01,  5.9541e-02,
         2.0318e+00,  2.4999e-01, -7.4748e-01,  1.1450e+00, -4.0722e-01,
        -4.2809e-01, -8.1428e-01,  6.3740e-01, -9.0328e-01, -1.0872e+00,
        -7.8230e-01,  3.3078e-01,  4.6698e-01, -2.1347e+00,  8.5810e-01,
         5.1536e-01, -2.5961e+00,  1.0355e+00,  1.5786e+00,  4.2849e-01,
        -1.5269e+00,  7.2556e-03, -1.0007e+00,  2.3839e+00, -1.9927e+00,
        -1.6280e+00, -7.7547e-01, -4.2781e-01,  1.6687e+00, -4.9818e-01,
         2.6255e-01, -4.7615e-01,  1.4089e-01, -6.8883e-01,  1.1502e-01,
        -7.0298e-02,  1.0357e+00, -5.7483e-01,  5.5451e-01,  1.4655e-02,
         7.4923e-01,  1.8475e-01, -1.2066e+00, -3.4448e-01,  3.7013e-01,
         8.0316e-01, -9.4183e-01, -4.1508e+00,  4.6797e-01,  1.7119e+00,
        -2.6512e-01,  2.0725e-01, -5.8180e-01,  3.2718e-01, -6.5920e-02,
         2.6067e-01, -2.3820e-01,  7.2865e-01,  5.4977e-01,  1.2303e+00,
         4.2630e+00, -5.0128e-01,  8.7790e-02, -1.9504e-01, -2.8733e-01,
        -1.2464e+00,  1.5920e+00,  1.7666e-01,  1.9475e-02,  1.5187e+00,
         1.0590e+00,  3.5469e-01,  4.5893e-01, -5.8271e-01, -1.0505e+00,
        -3.5525e-01,  6.9822e-01,  4.7941e-01,  8.4041e-01, -3.5194e+00,
         4.4953e-01, -1.0241e+00,  1.1164e+00,  3.7447e-01,  3.6278e-01,
         9.9037e-01,  1.8436e+00, -4.3223e-01, -4.4259e-01,  2.4785e+00,
        -3.4041e-02, -6.5209e-01,  8.5141e-01,  3.4711e-01, -6.5892e-01,
         5.4090e-01, -2.4449e-01, -1.8224e-01, -1.0148e+00,  8.0582e-01,
        -1.1092e-01, -6.6180e-01, -5.3852e-01, -3.8627e+00, -8.5881e-01,
        -6.6021e-01,  3.0698e-01, -3.6631e-01, -3.8061e+00,  4.2616e-01,
        -5.5884e-01,  7.8985e-02, -2.1776e-01, -7.1987e-01, -5.0243e-01,
         1.0387e+00, -1.0863e+00, -6.8831e-01,  2.5427e+00, -1.4522e-01,
        -5.2480e-01,  5.3265e-01, -9.6349e-02,  7.9385e-01, -4.7554e-01,
         1.6865e+00, -6.4162e-01, -2.2982e+00, -4.7567e-01, -1.8891e+00,
         7.8023e-01,  6.7775e-02,  2.2050e+00,  1.2322e+00,  2.0737e+00,
        -1.0900e+00,  8.4208e-01,  4.4625e-01, -8.4276e-01, -3.0682e-01,
         2.9734e-01,  6.6542e-01, -2.8965e-01,  6.5705e-02,  1.0286e-01,
         8.1779e-01, -1.1579e+00, -1.7597e-01, -7.0006e-01,  1.6234e-01,
         3.8157e-01,  1.9195e+00, -9.6299e-01,  2.3643e-01, -6.8550e-01,
        -3.4335e-01,  5.9734e-01, -7.2392e-01,  4.9508e-01, -1.9207e+00,
        -1.5085e+00,  9.2985e-01, -5.3789e-01, -7.0908e-01,  3.0429e-01,
         9.9917e-02,  1.6974e+00, -9.2616e-01,  2.9452e-01, -2.3361e-01,
         3.3139e-01, -7.4964e-01, -3.6321e-01, -7.2008e-01, -1.6235e-01,
        -3.7623e+00, -9.0756e-01, -8.7120e-01,  1.5724e-02, -2.4822e+00,
         5.9165e-01,  2.5056e+00, -1.0394e-01, -9.7603e-01, -5.2558e-01,
        -2.7684e-01, -1.1487e+00, -4.8824e-01,  4.8409e-01, -3.7596e-01,
         1.5429e+00,  3.4779e+00,  1.1244e+00, -1.8299e-01,  6.3538e-01,
         1.5355e-01,  1.4526e+00,  1.8240e+00,  3.6509e-01,  8.2542e-01,
        -1.3811e-01, -7.2511e-01,  5.3328e-01,  1.3746e-01,  6.3929e-01,
         1.9949e+00, -5.9590e-01,  6.3099e-02, -3.3227e-01, -5.9376e-01,
         9.3946e-01, -1.9262e-01,  3.5180e-01, -5.1165e-01,  9.1870e-01,
         1.4593e+00,  4.2842e-01, -2.8326e-01,  9.8016e-02, -1.1631e+00,
        -1.1000e+00, -1.4296e+00, -1.0538e+00, -8.4093e-01, -7.2511e-01,
         1.2960e+00,  1.2989e-01,  1.5249e+00, -4.0858e+00,  7.7512e-01])), ('backbone.fsmn.3.0.linear.weight', tensor([[-0.0938,  0.1573, -0.0920,  ..., -0.1933,  0.0496, -0.0302],
        [-0.1112, -0.0530, -0.0081,  ..., -0.0887, -0.0079,  0.1383],
        [ 0.0878, -0.2458,  0.2969,  ..., -0.0543, -0.0694, -0.0053],
        ...,
        [-0.3064, -0.1370, -0.0204,  ...,  0.1288, -0.3494, -0.0119],
        [-0.1492, -0.0988,  0.1426,  ..., -0.0542, -0.1341,  0.1936],
        [ 0.1621, -0.0457, -0.0419,  ..., -0.2657,  0.1287,  0.0223]])), ('backbone.fsmn.3.1.conv_left.weight', tensor([[[[-5.2294e-03],
          [-7.0563e-03],
          [-1.1439e-02],
          ...,
          [ 6.6223e-02],
          [ 7.5802e-02],
          [-9.2380e-01]]],


        [[[-3.2528e-04],
          [-1.8677e-03],
          [-1.3671e-03],
          ...,
          [-7.2827e-02],
          [-1.8161e-02],
          [-9.9711e-01]]],


        [[[ 1.4734e-02],
          [ 1.4708e-02],
          [ 1.0020e-02],
          ...,
          [ 1.3818e-02],
          [-1.8968e-02],
          [-1.0620e+00]]],


        ...,


        [[[-2.1204e-02],
          [-2.7037e-02],
          [-4.0646e-02],
          ...,
          [ 4.7971e-03],
          [ 1.1496e-02],
          [-1.0021e+00]]],


        [[[ 1.2683e-02],
          [ 1.6059e-02],
          [ 1.2882e-02],
          ...,
          [ 1.2986e-02],
          [ 1.4093e-02],
          [-9.8761e-01]]],


        [[[-1.1906e-02],
          [-5.6999e-03],
          [-1.8920e-02],
          ...,
          [-7.7216e-03],
          [-7.7884e-03],
          [-1.0111e+00]]]])), ('backbone.fsmn.3.1.conv_right.weight', tensor([[[[ 3.6208e-02],
          [ 2.5577e-02]]],


        [[[ 5.7633e-03],
          [ 5.3664e-04]]],


        [[[-5.3298e-02],
          [-6.2022e-02]]],


        [[[ 7.9337e-03],
          [ 6.4925e-03]]],


        [[[-5.3024e-03],
          [-8.9527e-03]]],


        [[[-1.2035e-02],
          [-3.3699e-03]]],


        [[[ 4.8791e-02],
          [ 6.1776e-02]]],


        [[[ 1.7749e-02],
          [ 6.0709e-03]]],


        [[[ 1.0824e-03],
          [ 2.1119e-03]]],


        [[[-3.9083e-03],
          [-4.8366e-03]]],


        [[[-3.4579e-03],
          [-2.4922e-03]]],


        [[[ 7.3921e-03],
          [ 5.7348e-03]]],


        [[[ 1.1661e-03],
          [ 5.1260e-03]]],


        [[[-1.8100e-02],
          [-1.9517e-02]]],


        [[[ 5.4125e-02],
          [ 6.6382e-02]]],


        [[[ 1.6095e-02],
          [ 1.2222e-02]]],


        [[[-8.4856e-03],
          [-1.4352e-02]]],


        [[[ 5.2413e-03],
          [ 1.9434e-03]]],


        [[[ 6.4472e-03],
          [ 8.4430e-03]]],


        [[[-1.7006e-03],
          [ 1.5926e-04]]],


        [[[ 2.7386e-02],
          [ 3.7615e-02]]],


        [[[ 4.8743e-04],
          [ 3.4417e-03]]],


        [[[ 1.0388e-02],
          [ 4.4812e-03]]],


        [[[ 1.7047e-02],
          [ 2.6661e-02]]],


        [[[-2.8542e-03],
          [ 3.6207e-03]]],


        [[[ 8.7576e-03],
          [ 8.6627e-03]]],


        [[[ 1.5269e-02],
          [ 5.7495e-03]]],


        [[[ 3.5620e-03],
          [ 5.1930e-03]]],


        [[[ 1.0580e-03],
          [-4.0731e-03]]],


        [[[ 3.2589e-02],
          [ 3.3552e-02]]],


        [[[ 7.6442e-03],
          [ 6.4883e-03]]],


        [[[ 3.6712e-02],
          [ 4.7504e-02]]],


        [[[-3.4961e-03],
          [ 7.4371e-05]]],


        [[[-3.3344e-03],
          [-8.4341e-03]]],


        [[[-2.6136e-03],
          [-7.1949e-04]]],


        [[[-3.0150e-03],
          [-7.1524e-04]]],


        [[[-9.6438e-03],
          [-1.7088e-02]]],


        [[[ 3.6275e-02],
          [ 6.7840e-02]]],


        [[[-8.2761e-04],
          [-4.6510e-03]]],


        [[[-3.1621e-02],
          [-4.4492e-02]]],


        [[[-1.7095e-02],
          [-4.4948e-03]]],


        [[[ 7.7814e-04],
          [-4.8492e-04]]],


        [[[-3.8834e-02],
          [-5.8501e-02]]],


        [[[ 1.3080e-02],
          [ 2.0733e-02]]],


        [[[ 1.5795e-03],
          [ 7.6748e-03]]],


        [[[-4.9637e-02],
          [-5.9904e-02]]],


        [[[ 3.7489e-02],
          [ 3.4722e-02]]],


        [[[-3.3518e-03],
          [-3.7978e-03]]],


        [[[-7.3735e-03],
          [-4.9727e-03]]],


        [[[ 4.6719e-02],
          [ 3.7872e-02]]],


        [[[-1.2361e-02],
          [-1.2913e-02]]],


        [[[ 6.4692e-03],
          [-2.1192e-03]]],


        [[[ 4.0827e-02],
          [ 3.2672e-02]]],


        [[[-8.6161e-04],
          [-3.4121e-03]]],


        [[[ 5.5896e-03],
          [ 8.5873e-04]]],


        [[[-5.8842e-02],
          [-7.9066e-02]]],


        [[[ 2.3276e-02],
          [ 1.9682e-02]]],


        [[[ 3.9034e-02],
          [ 5.2026e-02]]],


        [[[-2.2069e-03],
          [ 1.1570e-03]]],


        [[[ 5.7210e-02],
          [ 5.7945e-02]]],


        [[[ 5.0795e-02],
          [ 4.5442e-02]]],


        [[[-5.2204e-02],
          [-4.5415e-02]]],


        [[[ 4.0115e-02],
          [ 4.5241e-02]]],


        [[[ 2.1065e-02],
          [ 1.9393e-02]]],


        [[[ 3.2655e-02],
          [ 3.8887e-02]]],


        [[[ 2.8387e-02],
          [ 3.3733e-02]]],


        [[[ 5.0212e-02],
          [ 4.7787e-02]]],


        [[[ 1.2285e-03],
          [-9.0960e-05]]],


        [[[-9.8917e-03],
          [-7.5180e-03]]],


        [[[ 1.1792e-02],
          [ 4.1205e-03]]],


        [[[ 7.9040e-03],
          [ 4.6746e-03]]],


        [[[ 4.2219e-03],
          [-1.7006e-03]]],


        [[[ 4.5307e-03],
          [-6.4940e-04]]],


        [[[ 3.1262e-03],
          [ 6.4999e-03]]],


        [[[ 1.3479e-02],
          [ 1.0982e-02]]],


        [[[ 2.9598e-03],
          [-8.7582e-04]]],


        [[[ 6.2494e-03],
          [ 4.1923e-03]]],


        [[[ 4.4858e-02],
          [ 3.6737e-02]]],


        [[[ 4.8012e-02],
          [ 6.7712e-02]]],


        [[[-4.4519e-03],
          [-6.7738e-04]]],


        [[[ 2.0735e-02],
          [ 1.6614e-02]]],


        [[[ 1.2536e-03],
          [ 2.6456e-03]]],


        [[[ 9.8149e-03],
          [ 1.2732e-02]]],


        [[[-5.1272e-02],
          [-7.5703e-02]]],


        [[[-7.7161e-03],
          [-6.7395e-03]]],


        [[[ 2.0339e-02],
          [ 1.6270e-02]]],


        [[[-1.4327e-03],
          [-3.8597e-03]]],


        [[[ 4.9870e-03],
          [ 1.8870e-03]]],


        [[[ 4.0342e-02],
          [ 3.5795e-02]]],


        [[[ 4.3435e-02],
          [ 5.0247e-02]]],


        [[[-8.7152e-03],
          [-1.2232e-02]]],


        [[[-1.1053e-03],
          [-5.6962e-04]]],


        [[[-4.3759e-02],
          [-7.8471e-02]]],


        [[[-5.8933e-02],
          [-7.2749e-02]]],


        [[[-1.9825e-03],
          [-7.8628e-04]]],


        [[[-1.0538e-02],
          [-7.0180e-03]]],


        [[[-5.9576e-03],
          [-7.7155e-03]]],


        [[[ 5.9912e-02],
          [ 8.3806e-02]]],


        [[[ 1.6026e-02],
          [ 9.4913e-03]]],


        [[[ 4.7377e-02],
          [ 5.0834e-02]]],


        [[[-6.4108e-03],
          [-9.2715e-04]]],


        [[[-6.7861e-03],
          [-9.9920e-03]]],


        [[[ 2.4150e-03],
          [ 1.0037e-03]]],


        [[[-7.4917e-03],
          [-6.7871e-03]]],


        [[[-1.7117e-02],
          [-2.2339e-02]]],


        [[[ 1.6078e-02],
          [ 1.9988e-02]]],


        [[[ 9.3023e-03],
          [ 1.0852e-02]]],


        [[[-1.0788e-03],
          [-3.3044e-03]]],


        [[[ 4.2596e-02],
          [ 6.1362e-02]]],


        [[[-4.4433e-02],
          [-7.4899e-02]]],


        [[[ 4.2371e-03],
          [-4.8273e-03]]],


        [[[ 3.7709e-02],
          [ 1.9081e-02]]],


        [[[-3.8580e-02],
          [-6.1835e-02]]],


        [[[ 3.1853e-02],
          [ 3.2188e-02]]],


        [[[-7.3177e-03],
          [-2.7223e-03]]],


        [[[ 3.9407e-02],
          [ 5.3641e-02]]],


        [[[ 6.8042e-03],
          [ 1.4170e-02]]],


        [[[-1.2550e-02],
          [-1.9589e-02]]],


        [[[-6.6075e-03],
          [-6.3555e-03]]],


        [[[ 7.2532e-04],
          [ 5.2325e-03]]],


        [[[-1.5518e-02],
          [-2.6631e-02]]],


        [[[-8.9682e-04],
          [-1.1965e-02]]],


        [[[-2.5405e-02],
          [-2.3652e-02]]],


        [[[ 5.8416e-03],
          [-1.2211e-03]]],


        [[[-3.9652e-03],
          [-1.5565e-03]]],


        [[[-1.5426e-03],
          [-1.6215e-05]]],


        [[[ 1.5328e-02],
          [ 1.5657e-02]]],


        [[[-4.9932e-03],
          [-1.0541e-02]]]])), ('backbone.fsmn.3.2.linear.weight', tensor([[-0.0119, -0.0550,  0.3878,  ...,  0.2820,  0.0389,  0.0403],
        [-0.1074,  0.1283, -0.1040,  ..., -0.3270, -0.0913,  0.3387],
        [-0.0413,  0.0877, -0.0872,  ..., -0.0938, -0.4806,  0.1987],
        ...,
        [ 0.1877, -0.0649,  0.4961,  ...,  0.1282, -0.0577,  0.0891],
        [-0.0141,  0.0535, -0.0166,  ...,  0.0102, -0.0106, -0.0350],
        [-0.0299,  0.1351, -0.0285,  ..., -0.0950,  0.0440,  0.0897]])), ('backbone.fsmn.3.2.linear.bias', tensor([ 9.5458e-01,  6.2997e-01,  2.2178e+00,  1.5452e-01,  5.4103e-01,
         1.4610e-01,  7.7254e-01,  1.7408e-01, -5.3865e-01,  1.5206e+00,
         3.9766e-01, -1.8488e-01,  1.0990e+00,  1.1222e+00,  2.4597e-01,
        -1.7586e-01,  1.8341e-01, -2.7210e-01,  7.4740e-01,  1.2203e+00,
        -7.6379e-02,  9.5456e-01,  6.3421e-01,  5.6212e-01,  2.3183e+00,
         2.3401e-01,  1.3418e-01,  4.5860e-01,  3.9477e-01, -6.2920e-02,
        -4.7083e-01,  1.6884e-01,  3.5843e+00, -2.1113e-01,  4.2657e-01,
         3.8910e-01,  2.0313e+00,  7.2918e-01, -2.0881e+00,  7.9327e-01,
         8.5108e-01,  2.4664e+00,  3.3384e-01,  5.9436e-01,  1.1320e+00,
         1.5540e+00,  7.7317e-01,  7.3121e-01, -8.7748e-02, -4.5325e-01,
         5.1198e-01,  3.2282e-01, -1.4641e+00,  1.3241e+00,  1.0833e+00,
         5.8126e-01, -8.4872e-02,  4.7755e-01,  1.1973e+00, -7.1190e-01,
         3.1877e-02,  4.5022e-01, -1.0513e+00, -2.3222e-01,  2.2089e-01,
         6.5587e-01, -1.1893e-01,  3.8684e-01,  7.2067e-01,  1.4186e+00,
         9.5254e-02,  4.2264e-01,  4.3450e-01,  1.2837e+00,  2.2110e-01,
         5.9786e-01, -1.2363e+00,  9.7767e-01, -2.7480e-01,  4.8825e-01,
         5.8938e-01,  2.0022e-01,  2.9371e-01,  2.3811e-02,  9.2071e-01,
         4.9187e-01, -8.1791e-01, -2.0225e-01,  1.8293e-01, -6.3782e-01,
         1.8696e-01,  6.8102e-01, -5.7651e-02,  6.2981e-01,  1.2766e+00,
         3.9997e-01,  5.2107e-02, -4.6357e-01,  1.1965e+00, -3.1227e-01,
         6.9140e-01,  9.9689e-01,  4.2183e-01,  5.6946e-01, -4.5036e-01,
         3.6685e-01, -6.5688e-01, -2.4726e-01, -6.9910e-01,  7.2080e-01,
         1.5210e-01, -1.4783e+00,  3.4404e-01, -1.5663e-01,  1.1737e+00,
         9.1342e-01, -3.0892e-02,  4.3235e-01,  2.7682e-02,  4.7006e-01,
        -8.2950e-01, -2.9403e-02,  3.5818e-01, -1.3022e-01,  1.8049e-01,
        -7.0774e-01, -2.1370e-01, -7.6439e-01,  7.5908e-01, -6.5239e-02,
         9.8664e-01,  7.5942e-01, -8.3385e-02, -5.0638e-01, -5.0827e-02,
        -1.3361e+00,  5.4916e-02,  9.2712e-01,  6.6319e-02,  3.2631e-01,
        -8.5024e-01,  6.8119e-01,  4.3724e-01,  2.5579e-01,  8.4929e-01,
         8.3298e-01,  3.9433e-01, -9.1913e-01,  9.2972e-01, -1.2951e-01,
         1.1327e+00,  4.0275e-01,  2.5527e+00,  5.7829e-01,  1.2305e-01,
        -6.1561e-01, -8.0777e-01,  2.0735e-01,  2.8784e-02, -7.5878e-01,
         1.5320e-02, -1.8056e-01,  4.0049e-01,  5.3611e-01,  7.9919e-01,
         4.7785e-02, -2.1016e+00,  9.4500e-01, -2.5886e-01,  6.0865e-01,
         5.8141e-01,  2.4819e-01,  6.2392e-01, -1.0784e+00,  1.7904e-01,
        -1.1115e+00,  5.9563e-01,  4.6482e-01, -3.8101e-02,  7.8062e-02,
        -9.8716e-02,  7.3467e-01,  4.2884e-01,  9.8155e-01,  5.0582e-01,
         1.0847e-01, -3.0608e-01, -6.2609e-02,  1.0642e+00,  6.9642e-01,
        -1.0047e+00,  1.2216e+00, -5.2132e-01,  1.7194e+00, -6.8325e-01,
         1.9260e-01,  2.6497e-02,  1.5608e+00, -7.8704e-02,  1.6466e-01,
         5.8608e-01,  4.0605e-01,  2.1359e-01, -2.7015e-01,  6.4216e-01,
         6.7001e-01,  2.0377e-01,  1.7330e-01,  4.6999e-01,  5.9841e-01,
         7.1860e-01, -6.5910e-01, -2.2122e-02,  4.1189e-01,  1.1077e+00,
         8.7347e-01,  5.3676e-01,  3.4378e-01,  1.1688e+00,  5.5416e-01,
         4.3767e-01,  8.8118e-01,  8.7873e-01,  1.1851e+00,  3.1863e-02,
         9.2114e-01,  5.7829e-01,  7.7705e-01,  1.0551e+00,  1.0026e+00,
         3.3130e-01, -1.1716e+00,  3.7709e-01, -1.0558e+00,  2.2468e-01,
         4.5275e-01,  1.1789e-01, -1.5681e-01,  2.6146e-03,  3.1727e-01,
        -2.3525e+00,  8.9746e-01,  2.8128e-01,  9.7998e-01,  9.0041e-01,
        -4.4484e-01,  6.9150e-01,  4.6609e-01,  8.9948e-03, -1.1933e+00])), ('backbone.out_linear1.linear.weight', tensor([[ 0.3471,  0.3023,  0.2754,  ...,  0.0696, -0.0921, -0.0642],
        [-0.0263, -0.3435, -0.0571,  ...,  0.2123,  0.2780, -0.2829],
        [ 0.0405,  0.4052, -0.1721,  ..., -0.5991,  0.0214,  0.0943],
        ...,
        [ 0.2161, -0.3686, -0.0979,  ..., -0.1810,  0.1126, -0.2328],
        [ 0.3644, -0.0748,  0.1938,  ...,  0.0571, -0.0185, -0.4800],
        [ 0.2423,  0.0645, -0.1744,  ...,  0.0670, -0.0583,  0.2272]])), ('backbone.out_linear1.linear.bias', tensor([-0.3307,  3.0402,  1.7774,  2.3561, -1.3044, -1.5864,  0.5176, -1.0052,
         0.7228, -0.1790, -0.8292,  2.3288,  0.7662,  1.9025,  0.5479,  0.5258,
         0.5119, -2.7434,  1.1049,  1.2769, -0.3388,  0.3976, -0.8392, -1.5296,
        -0.7129,  0.4401,  0.3557,  1.7853,  0.6544, -0.7890, -1.3654, -1.6119,
         1.2488, -1.5083, -0.3996,  1.0874, -0.5780, -2.0621, -0.9127,  1.2178,
         0.5017, -0.2942, -0.8457,  0.5733,  0.6357,  0.8125, -0.1447,  1.5605,
        -0.8268,  1.9686, -0.6482, -1.4912, -0.9396,  1.0974, -0.7601, -2.4076,
        -1.6382, -1.4833,  0.9531, -0.8301,  0.5386, -0.8946,  0.1961,  1.1284,
         0.7625, -0.2973,  0.8125, -0.1413,  1.7209, -0.0605, -0.7411, -0.4471,
         0.2514, -0.0269,  1.2218, -0.1119, -1.0386,  0.1590, -0.7609, -0.7517,
         0.4884, -1.4482, -1.6761,  0.1053,  1.4616,  1.0781, -0.0811, -1.3216,
         0.6909,  0.0198, -1.3192,  1.2883, -0.3490,  0.7665,  0.1977,  0.2078,
         1.4808,  0.1490, -0.3777, -1.6430, -0.2056, -0.3457,  1.8851, -0.2923,
         1.8705, -0.5300, -0.3295, -1.1755,  0.0889, -0.8460,  0.4615,  1.1425,
         2.0501,  0.2618,  0.5385, -0.0774, -1.3988,  1.0428, -0.8134, -0.6865,
         1.8642,  0.1536, -0.1760, -0.2039,  1.2819, -0.4063, -0.8584, -0.9858,
         0.9187, -0.3505, -0.1107,  0.4206,  0.2948,  0.0721,  0.1771, -1.2776,
         1.3911,  1.3030,  0.2918, -0.0297])), ('backbone.out_linear2.linear.weight', tensor([[ 0.0520,  0.0825,  0.0014,  ..., -0.0208, -0.0034,  0.0533],
        [ 0.0022, -0.0178,  0.0059,  ..., -0.0036,  0.0097, -0.0099],
        [ 0.0443, -0.0419,  0.0171,  ..., -0.0102,  0.0124, -0.0132],
        ...,
        [-0.0570, -0.0031, -0.0071,  ..., -0.0063,  0.0260,  0.0119],
        [ 0.0036, -0.0148,  0.0246,  ..., -0.0027,  0.0116,  0.0005],
        [-0.0011, -0.0275,  0.0245,  ..., -0.0141, -0.0146,  0.0423]])), ('backbone.out_linear2.linear.bias', tensor([ 0.4826, -0.0065, -0.0118,  ..., -0.0198, -0.0088, -0.0174]))])
